1 0.841415 35486
2 0.928873 62241
3 0.928849 71696
4 1.050950 135537
5 1.113020 207531
6 1.063030 158559
7 1.156980 206559
8 1.120300 205246
9 1.167320 206723
10 1.277100 281559
11 1.563010 475020
12 1.376500 349950
13 1.117660 216179
14 1.402400 363033
15 1.786570 609965
16 1.629920 522353
17 1.791290 582589
18 1.869190 666380
19 1.682880 540959
20 1.806910 657668
21 2.652930 832369
22 2.552170 1120401
23 2.212320 885564
24 1.999470 769785
25 2.570000 1077310
26 2.207500 940681
27 2.422530 1000764
28 2.752450 1246143
29 4.874470 1174205
30 2.725370 1290495
31 2.895700 1288763
32 4.704800 2430416
33 4.064400 1981745
34 3.023260 1443072
35 5.694640 2890471
36 3.847120 2020655
37 5.236790 2796979
38 4.167960 2079404
39 4.341570 2238934
40 1.205420 245670
41 1.804970 561014
42 4.544270 2374484
43 7.159370 2171174
44 2.367610 963347
45 6.934540 3990363
46 5.621260 3093681
47 6.529260 3563482
48 7.689100 4473028
49 8.571570 3591890
50 7.701740 4385185
51 12.578300 5111600
52 9.314210 4697295
53 12.375300 4040128
54 8.649720 4880440
55 8.675540 4912150
56 27.277700 8999549
57 21.578100 5795130
58 9.722420 5931321
59 15.002800 5857367
60 8.644590 5395718
61 23.659300 6640842
62 19.136000 6291059
63 10.019100 6182043
64 24.469700 7684012
65 60.524600 16089455
66 28.452500 13464627
67 18.612100 7329839
68 5.493890 2785434
69 36.436400 9949148
70 20.344000 12746394
71 6.023160 3533573
72 17.718000 11139253
73 23.783400 11538916
74 24.919000 15336820
75 40.974600 13451815
76 18.498900 5520690
77 19.932400 12104030
78 11.868600 5431266
79 32.447500 18863783
80 35.047100 18914485
81 48.315100 20965162
82 65.890200 18036129
83 65.805400 21011573
84 60.032100 22225342
85 38.986800 20593058
86 57.609900 17184084
87 157.358000 49540134
88 
89 141.222000 45695954
90 104.513000 30376126
91 137.857000 47445443
92 133.272000 50214574
93 41.183900 26322357
94 202.200000 73803181
95 145.543000 41302677
96 
97 
98 137.965000 74793670
99 
100 
